3 103 1000000
4 104 1000000
4 105 1000000
4 106 1000000
4 104 1000000
4 107 1000000
4 108 1000000
4 109 1000000
4 104 1000000
4 110 1000000
4 111 1000000
4 112 1000000
4 113 1000000
4 114 1000000
5 115 1000000
6 116 1000000
6 117 1000000
6 111 1000000
6 118 1000000
6 119 1000000
6 120 1000000
6 121 1000000
6 122 1000000
6 116 1000000
6 123 1000000
6 124 1000000
6 125 1000000
7 111 1000000
7 126 1000000
7 127 1000000
8 128 1000000
8 129 1000000
8 130 1000000
8 131 1000000
9 132 1000000
9 133 1000000
9 134 1000000
9 135 1000000
10 116 1000000
10 117 1000000
10 136 1000000
10 137 1000000
10 138 1000000
10 139 1000000
10 140 1000000
10 128 1000000
10 118 1000000
10 113 1000000
10 141 1000000
10 142 1000000
11 135 1000000
11 129 1000000
11 129 1000000
11 129 1000000
11 143 1000000
11 111 1000000
11 129 1000000
11 144 1000000
11 145 1000000
11 146 1000000
11 147 1000000
11 148 1000000
11 149 1000000
11 111 1000000
11 150 1000000
12 121 1000000
12 151 1000000
12 152 1000000
12 111 1000000
12 112 1000000
12 113 1000000
12 153 1000000
12 135 1000000
12 154 1000000
12 155 1000000
12 154 1000000
12 156 1000000
12 148 1000000
12 157 1000000
12 158 1000000
12 159 1000000
12 160 1000000
12 158 1000000
12 154 1000000
12 144 1000000
12 154 1000000
13 128 1000000
13 161 1000000
13 154 1000000
13 149 1000000
13 162 1000000
13 129 1000000
13 121 1000000
13 163 1000000
13 139 1000000
13 164 1000000
13 165 1000000
13 166 1000000
13 121 1000000
13 167 1000000
13 168 1000000
13 108 1000000
13 169 1000000
14 170 1000000
14 171 1000000
14 172 1000000
14 173 1000000
14 174 1000000
14 175 1000000
15 176 1000000
15 167 1000000
15 116 1000000
15 172 1000000
15 129 1000000
16 160 1000000
17 177 1000000
17 178 1000000
17 179 1000000
17 180 1000000
17 181 1000000
17 182 1000000
17 108 1000000
17 183 1000000
17 184 1000000
17 185 1000000
17 177 1000000
17 186 1000000
17 178 1000000
17 179 1000000
17 185 1000000
17 178 1000000
17 187 1000000
17 188 1000000
18 135 1000000
19 189 1000000
19 190 1000000
19 191 1000000
19 111 1000000
19 192 1000000
19 193 1000000
19 104 1000000
19 194 1000000
19 195 1000000
20 116 1000000
20 117 1000000
20 104 1000000
20 107 1000000
20 196 1000000
20 104 1000000
20 107 1000000
20 196 1000000
20 148 1000000
20 197 1000000
20 198 1000000
20 199 1000000
20 200 1000000
21 128 1000000
21 135 1000000
21 201 1000000
21 202 1000000
21 111 1000000
21 203 1000000
21 204 1000000
21 148 1000000
21 205 1000000
21 206 1000000
22 207 1000000
22 208 1000000
22 143 1000000
22 209 1000000
22 148 1000000
22 210 1000000
22 211 1000000
22 212 1000000
22 213 1000000
22 214 1000000
22 108 1000000
22 215 1000000
22 189 1000000
23 189 1000000
24 216 1000000
25 217 1000000
26 104 1000000
26 218 1000000
26 219 1000000
26 166 1000000
26 104 1000000
26 220 1000000
26 221 1000000
26 111 1000000
26 222 1000000
26 223 1000000
26 128 1000000
26 154 1000000
26 149 1000000
26 111 1000000
26 112 1000000
26 113 1000000
26 224 1000000
26 108 1000000
26 177 1000000
26 225 1000000
27 124 1000000
27 124 1000000
27 104 1000000
27 226 1000000
27 123 1000000
27 148 1000000
27 227 1000000
27 124 1000000
27 125 1000000
28 228 1000000
28 229 1000000
28 108 1000000
28 230 1000000
29 152 1000000
29 231 1000000
30 128 1000000
30 232 1000000
30 104 1000000
30 233 1000000
30 148 1000000
30 234 1000000
30 116 1000000
30 166 1000000
30 235 1000000
30 208 1000000
31 103 1000000
31 236 1000000
31 237 1000000
32 188 1000000
32 104 1000000
32 238 1000000
32 149 1000000
32 111 1000000
32 112 1000000
32 113 1000000
32 239 1000000
33 189 1000000
33 240 1000000
33 206 1000000
33 241 1000000
33 242 1000000
33 166 1000000
33 171 1000000
33 172 1000000
33 166 1000000
33 243 1000000
34 166 1000000
34 244 1000000
34 245 1000000
34 246 1000000
34 111 1000000
34 247 1000000
34 248 1000000
34 188 1000000
34 121 1000000
34 167 1000000
35 249 1000000
35 172 1000000
35 148 1000000
35 145 1000000
35 250 1000000
35 148 1000000
35 251 1000000
35 252 1000000
35 113 1000000
35 177 1000000
35 253 1000000
35 254 1000000
35 128 1000000
35 255 1000000
35 145 1000000
35 256 1000000
35 135 1000000
35 159 1000000
35 257 1000000
36 104 1000000
36 151 1000000
36 139 1000000
36 258 1000000
36 139 1000000
36 259 1000000
36 260 1000000
36 261 1000000
36 202 1000000
36 262 1000000
36 262 1000000
36 263 1000000
36 129 1000000
36 138 1000000
36 264 1000000
36 265 1000000
36 266 1000000
36 267 1000000
37 104 1000000
37 151 1000000
37 268 1000000
37 269 1000000
37 111 1000000
38 128 1000000
38 270 1000000
38 271 1000000
38 139 1000000
38 272 1000000
38 123 1000000
38 273 1000000
38 257 1000000
38 176 1000000
39 139 1000000
39 274 1000000
39 275 1000000
39 166 1000000
39 104 1000000
39 276 1000000
39 148 1000000
39 108 1000000
39 139 1000000
39 277 1000000
39 104 1000000
39 105 1000000
39 270 1000000
39 270 1000000
39 203 1000000
39 228 1000000
39 257 1000000
39 278 1000000
39 279 1000000
39 172 1000000
39 280 1000000
39 278 1000000
39 128 1000000
39 104 1000000
39 105 1000000
40 116 1000000
40 117 1000000
40 281 1000000
40 143 1000000
40 203 1000000
40 209 1000000
40 282 1000000
40 283 1000000
40 281 1000000
40 104 1000000
40 238 1000000
40 284 1000000
40 149 1000000
40 148 1000000
40 226 1000000
40 285 1000000
40 139 1000000
40 225 1000000
40 261 1000000
40 286 1000000
40 287 1000000
40 285 1000000
40 139 1000000
40 225 1000000
40 288 1000000
40 108 1000000
40 139 1000000
40 289 1000000
40 136 1000000
40 184 1000000
40 116 1000000
40 117 1000000
41 290 1000000
41 282 1000000
41 291 1000000
41 166 1000000
41 261 1000000
41 292 1000000
42 128 1000000
42 206 1000000
42 171 1000000
42 116 1000000
42 117 1000000
42 293 1000000
42 294 1000000
42 128 1000000
42 286 1000000
42 111 1000000
42 295 1000000
42 113 1000000
42 296 1000000
42 128 1000000
42 297 1000000
43 103 1000000
43 298 1000000
44 158 1000000
44 299 1000000
44 124 1000000
45 300 1000000
45 113 1000000
45 116 1000000
45 117 1000000
45 161 1000000
45 121 1000000
45 301 1000000
45 148 1000000
45 145 1000000
45 124 1000000
45 167 1000000
45 124 1000000
46 104 1000000
46 302 1000000
46 303 1000000
46 304 1000000
46 305 1000000
46 108 1000000
46 306 1000000
46 264 1000000
46 307 1000000
46 308 1000000
47 309 1000000
48 310 1000000
49 104 1000000
49 302 1000000
49 151 1000000
49 113 1000000
49 139 1000000
49 311 1000000
49 113 1000000
49 139 1000000
49 312 1000000
49 166 1000000
49 313 1000000
49 314 1000000
49 315 1000000
49 138 1000000
49 129 1000000
50 111 1000000
51 103 1000000
51 129 1000000
51 316 1000000
51 172 1000000
51 111 1000000
51 258 1000000
51 317 1000000
51 318 1000000
51 172 1000000
51 198 1000000
51 319 1000000
52 193 1000000
52 121 1000000
52 167 1000000
52 166 1000000
53 104 1000000
53 238 1000000
53 151 1000000
53 291 1000000
53 320 1000000
53 245 1000000
53 321 1000000
54 189 1000000
54 177 1000000
54 177 1000000
54 322 1000000
54 287 1000000
54 282 1000000
54 141 1000000
54 257 1000000
55 255 1000000
55 208 1000000
55 323 1000000
55 113 1000000
55 139 1000000
55 324 1000000
55 325 1000000
55 167 1000000
55 104 1000000
55 252 1000000
55 221 1000000
56 269 1000000
56 139 1000000
56 326 1000000
56 327 1000000
56 206 1000000
56 108 1000000
56 328 1000000
56 108 1000000
56 139 1000000
56 329 1000000
56 160 1000000
57 330 1000000
57 331 1000000
57 148 1000000
57 170 1000000
57 244 1000000
57 104 1000000
57 105 1000000
58 128 1000000
58 332 1000000
58 139 1000000
58 333 1000000
59 121 1000000
59 238 1000000
59 301 1000000
59 244 1000000
59 320 1000000
60 104 1000000
60 151 1000000
60 334 1000000
60 278 1000000
60 148 1000000
60 303 1000000
60 111 1000000
60 335 1000000
60 113 1000000
60 299 1000000
60 166 1000000
60 116 1000000
60 117 1000000
60 171 1000000
60 155 1000000
60 278 1000000
60 148 1000000
60 145 1000000
60 111 1000000
60 336 1000000
60 337 1000000
61 338 1000000
61 166 1000000
61 339 1000000
61 145 1000000
61 340 1000000
62 103 1000000
62 143 1000000
62 135 1000000
62 341 1000000
62 342 1000000
62 129 1000000
63 270 1000000
63 343 1000000
63 344 1000000
63 345 1000000
64 346 1000000
64 347 1000000
64 111 1000000
64 348 1000000
64 349 1000000
64 103 1000000
64 350 1000000
64 129 1000000
64 107 1000000
64 135 1000000
64 351 1000000
65 128 1000000
65 104 1000000
65 352 1000000
65 193 1000000
65 116 1000000
65 238 1000000
65 149 1000000
66 128 1000000
66 104 1000000
66 151 1000000
66 111 1000000
66 112 1000000
66 113 1000000
66 143 1000000
66 155 1000000
66 353 1000000
66 148 1000000
66 354 1000000
67 189 1000000
67 143 1000000
67 355 1000000
67 356 1000000
67 357 1000000
67 358 1000000
68 128 1000000
68 152 1000000
68 359 1000000
68 113 1000000
68 153 1000000
68 128 1000000
68 360 1000000
68 128 1000000
68 359 1000000
68 113 1000000
68 172 1000000
68 111 1000000
68 361 1000000
68 104 1000000
68 362 1000000
69 286 1000000
69 221 1000000
69 363 1000000
69 364 1000000
69 143 1000000
69 365 1000000
69 155 1000000
69 148 1000000
69 148 1000000
69 366 1000000
69 129 1000000
69 367 1000000
69 108 1000000
69 349 1000000
69 258 1000000
69 368 1000000
69 128 1000000
69 255 1000000
69 369 1000000
69 257 1000000
69 320 1000000
69 370 1000000
69 161 1000000
69 124 1000000
69 320 1000000
70 135 1000000
70 188 1000000
70 103 1000000
70 189 1000000
71 334 1000000
72 371 1000000
72 319 1000000
73 188 1000000
73 154 1000000
73 372 1000000
73 129 1000000
73 123 1000000
73 148 1000000
73 373 1000000
73 128 1000000
73 129 1000000
73 107 1000000
73 374 1000000
74 152 1000000
74 375 1000000
75 376 1000000
75 108 1000000
75 377 1000000
75 378 1000000
75 379 1000000
75 128 1000000
75 133 1000000
75 121 1000000
75 380 1000000
75 226 1000000
75 148 1000000
75 139 1000000
75 381 1000000
76 135 1000000
76 382 1000000
76 383 1000000
76 221 1000000
76 330 1000000
76 111 1000000
77 135 1000000
77 167 1000000
77 116 1000000
77 149 1000000
77 384 1000000
78 385 1000000
79 103 1000000
79 386 1000000
80 350 1000000
80 177 1000000
80 177 1000000
80 299 1000000
80 142 1000000
80 387 1000000
80 121 1000000
80 388 1000000
80 228 1000000
81 116 1000000
81 117 1000000
81 152 1000000
82 146 1000000
83 389 1000000
83 206 1000000
83 142 1000000
83 128 1000000
83 152 1000000
83 390 1000000
83 278 1000000
83 148 1000000
83 391 1000000
83 116 1000000
83 117 1000000
84 212 1000000
84 392 1000000
84 393 1000000
84 394 1000000
84 128 1000000
85 104 1000000
85 390 1000000
85 167 1000000
85 208 1000000
85 104 1000000
85 172 1000000
85 139 1000000
85 165 1000000
85 236 1000000
85 395 1000000
85 396 1000000
85 397 1000000
86 104 1000000
86 398 1000000
86 145 1000000
86 399 1000000
86 257 1000000
86 166 1000000
86 188 1000000
86 236 1000000
86 290 1000000
86 282 1000000
86 400 1000000
86 401 1000000
86 313 1000000
86 255 1000000
86 287 1000000
86 367 1000000
86 166 1000000
86 402 1000000
87 116 1000000
87 117 1000000
87 124 1000000
87 403 1000000
87 404 1000000
87 405 1000000
87 124 1000000
87 116 1000000
87 117 1000000
87 161 1000000
87 382 1000000
87 406 1000000
87 407 1000000
87 139 1000000
87 408 1000000
87 111 1000000
87 336 1000000
87 128 1000000
88 409 1000000
89 135 1000000
89 129 1000000
89 107 1000000
89 111 1000000
89 228 1000000
89 410 1000000
89 148 1000000
89 234 1000000
89 363 1000000
89 111 1000000
89 112 1000000
89 330 1000000
89 411 1000000
89 221 1000000
89 139 1000000
89 331 1000000
90 412 1000000
90 108 1000000
90 139 1000000
90 413 1000000
90 113 1000000
90 236 1000000
90 414 1000000
90 262 1000000
90 415 1000000
90 139 1000000
90 416 1000000
90 166 1000000
90 104 1000000
90 417 1000000
90 148 1000000
91 104 1000000
91 149 1000000
91 111 1000000
91 418 1000000
91 419 1000000
91 419 1000000
91 420 1000000
91 184 1000000
91 421 1000000
92 389 1000000
93 241 1000000
93 242 1000000
93 128 1000000
93 133 1000000
93 172 1000000
93 166 1000000
94 120 1000000
94 382 1000000
94 422 1000000
95 161 1000000
96 103 1000000
96 310 1000000
97 121 1000000
97 142 1000000
98 423 1000000
98 104 1000000
98 362 1000000
98 104 1000000
98 398 1000000
98 167 1000000
98 139 1000000
98 424 1000000
98 425 1000000
98 282 1000000
98 139 1000000
98 139 1000000
98 426 1000000
98 166 1000000
98 104 1000000
98 149 1000000
99 103 1000000
99 427 1000000
100 152 1000000
100 409 1000000
101 135 1000000
101 116 1000000
101 167 1000000
101 129 1000000
101 428 1000000
101 148 1000000
101 429 1000000
101 128 1000000
101 430 1000000
101 429 1000000
101 148 1000000
101 431 1000000
102 124 1000000
102 432 1000000
102 128 1000000
102 149 1000000
102 111 1000000
102 112 1000000
102 113 1000000
102 433 1000000
102 113 1000000