1 3 1
1 4 13
1 5 1
1 6 12
1 7 3
1 8 4
1 9 4
1 10 12
1 11 15
1 12 21
1 13 17
1 14 6
1 15 5
1 16 1
1 17 18
1 18 1
1 19 9
1 20 13
1 21 10
1 22 13
1 23 1
1 24 1
1 25 1
1 26 20
1 27 9
1 28 4
1 29 2
1 30 10
1 31 3
1 32 8
1 33 10
1 34 10
1 35 19
1 36 18
1 37 5
1 38 9
1 39 25
1 40 32
1 41 6
1 42 15
1 43 2
1 44 3
1 45 12
1 46 10
1 47 1
1 48 1
1 49 15
1 50 1
1 51 11
1 52 4
1 53 7
1 54 8
1 55 11
1 56 11
1 57 7
1 58 4
1 59 5
1 60 21
1 61 5
1 62 6
1 63 4
1 64 11
1 65 7
1 66 11
1 67 6
1 68 15
1 69 25
1 70 4
1 71 1
1 72 2
1 73 11
1 74 2
1 75 13
1 76 6
1 77 5
1 78 1
1 79 2
1 80 9
1 81 3
1 82 1
1 83 11
1 84 5
1 85 12
1 86 18
1 87 18
1 88 1
1 89 16
1 90 15
1 91 9
1 92 1
1 93 6
1 94 3
1 95 1
1 96 2
1 97 2
1 98 16
1 99 2
1 100 2
1 101 12
1 102 9